LT_RTD = [363.189	23.841	0.300	0.041	6; ...	
374.161	23.658	0.283	0.043	6; ...	
368.425	22.987	0.312	0.042	6; ...	
370.513	24.377	0.356	0.042	6; ...	
340.311	22.783	0.306	0.044	6; ...	
348.015	22.918	0.325	0.044	6; ...	
389.234	24.235	0.316	0.041	6; ...	
381.337	23.404	0.308	0.043	6; ...	
361.174	22.881	0.308	0.044	6; ...	
401.224	24.332	0.315	0.039	6; ...	
391.416	23.661	0.326	0.043	6; ...	
359.564	23.361	0.319	0.044	6; ...	
368.314	23.417	0.315	0.038	6; ...	
378.487	24.196	0.354	0.041	6; ...	
367.440	22.850	0.314	0.044	6; ...	
372.821	23.749	0.306	0.040	6; ...	
359.372	23.098	0.306	0.043	6; ...	
384.495	23.488	0.312	0.044	6];	

LTD_RTD_Str = LT_RTD(:,1);
LTD_RTD_Mod = LT_RTD(:,2);
LTD_RTD_Poi = LT_RTD(:,3);

TT_RTD = [9.972	1.350;...
10.801	1.263;...
8.514	1.271;...
9.987	1.262;...
10.145	1.262;...
9.127	1.276;...
9.942	1.214;...
9.195	1.268;...
8.853	1.269;...
8.946	1.270;...
9.246	1.282;...
7.397	1.295;...
7.967	1.307;...
8.132	1.315;...
9.860	1.359;...
8.791	1.333;...
10.109	1.348;...
8.929	1.401;...
10.430	1.307;...
9.381	1.307];

TTD_RTD_Str = TT_RTD(:,1);
TTD_RTD_Mod = TT_RTD(:,2);


LC_RTC = [20.248	0.352; ...
19.799	0.366; ...
19.957	0.372; ...
20.235	0.360; ...
20.667	0.423; ...
20.777	0.335; ...
20.230	0.310; ...
20.534	0.335; ...
20.256	0.310; ...
20.888	0.332; ...
20.446	0.369; ...
20.737	0.393; ...
20.745	0.358; ...
20.430	0.365; ...
20.658	0.365];

LC_RTD_Mod = LC_RTC(:,1);
LC_RTD_Poi = LC_RTC(:,2);


LT_RTD = [46.403	1.664	0.022;...
43.300	1.594	0.025;...
43.323	1.324	0.023;...
43.633	1.423	0.024;...
41.892	1.419	0.022;...
39.235	1.424	0.025;...
40.716	1.395	0.024;...
41.630	1.255	0.022;...
38.789	1.419	0.022;...
40.581	1.408	0.025;...
38.857	1.249	0.020;...
40.340	1.378	0.023;...
41.291	1.419	0.026;...
40.150	1.379	0.022;...
40.681	1.352	0.022;...
40.902	1.411	0.023;...
41.630	1.387	0.025;...
41.218	1.465	0.025;...
43.627	1.386	0.027;...
40.524	1.422	0.023];

LT_RTD_Str = LT_RTD(:,1);
LT_RTD_Mod = LT_RTD(:,2);
LT_RTD_Poi = LT_RTD(:,3);


IPS_RTD_mod = [0.668;...
0.652;...
0.663;...	
0.653;...
0.662;...
0.735;...
0.674;...
0.680;...
0.669;...
0.713;...
0.678;...
0.669;...
0.681;...
0.698;...
0.660];
